Nscan     = 50
Rscan     = 450.0
campos    = 900.0, 580.0, -730.0
camfacing = 0.0, -220, 0.0
phimin    = 0.00000
phimax    = 60.00000
thetamin  = 89.00000
thetamax  = 91.00000
